"DESCRIPTION","DURATION IN MS","NAME","PARENT SUITE","START TIME","STATUS","STOP TIME","SUB SUITE","SUITE","TEST CLASS","TEST METHOD"
"","1110","testFeeLoading[Integritee Parachain]","","Tue Sep 16 00:43:10 UTC 2025","passed","Tue Sep 16 00:43:11 UTC 2025","","io.novafoundation.nova.balances.BalancesIntegrationTest","io.novafoundation.nova.balances.BalancesIntegrationTest","testFeeLoading[Integritee Parachain]"
"","436","testFeeLoading[Enjin Relay]","","Tue Sep 16 00:45:17 UTC 2025","passed","Tue Sep 16 00:45:17 UTC 2025","","io.novafoundation.nova.balances.BalancesIntegrationTest","io.novafoundation.nova.balances.BalancesIntegrationTest","testFeeLoading[Enjin Relay]"
"","475","testFeeLoading[Frequency]","","Tue Sep 16 00:44:34 UTC 2025","passed","Tue Sep 16 00:44:35 UTC 2025","","io.novafoundation.nova.balances.BalancesIntegrationTest","io.novafoundation.nova.balances.BalancesIntegrationTest","testFeeLoading[Frequency]"
"","1474","testFeeLoading[Aleph Zero Testnet]","","Tue Sep 16 00:43:42 UTC 2025","passed","Tue Sep 16 00:43:43 UTC 2025","","io.novafoundation.nova.balances.BalancesIntegrationTest","io.novafoundation.nova.balances.BalancesIntegrationTest","testFeeLoading[Aleph Zero Testnet]"
"","778","testFeeLoading[Polkadot Collectives]","","Tue Sep 16 00:44:43 UTC 2025","passed","Tue Sep 16 00:44:44 UTC 2025","","io.novafoundation.nova.balances.BalancesIntegrationTest","io.novafoundation.nova.balances.BalancesIntegrationTest","testFeeLoading[Polkadot Collectives]"
"","927","testFeeLoading[Ternoa]","","Tue Sep 16 00:44:01 UTC 2025","passed","Tue Sep 16 00:44:02 UTC 2025","","io.novafoundation.nova.balances.BalancesIntegrationTest","io.novafoundation.nova.balances.BalancesIntegrationTest","testFeeLoading[Ternoa]"
"","6218","testBalancesLoading[Acala]","","Tue Sep 16 00:38:57 UTC 2025","passed","Tue Sep 16 00:39:03 UTC 2025","","io.novafoundation.nova.balances.BalancesIntegrationTest","io.novafoundation.nova.balances.BalancesIntegrationTest","testBalancesLoading[Acala]"
"","93534","testFeeLoading[QUARTZ]","","Tue Sep 16 00:40:51 UTC 2025","broken","Tue Sep 16 00:42:24 UTC 2025","","io.novafoundation.nova.balances.BalancesIntegrationTest","io.novafoundation.nova.balances.BalancesIntegrationTest","testFeeLoading[QUARTZ]"
"","5254","testBalancesLoading[Edgeware]","","Tue Sep 16 00:38:45 UTC 2025","passed","Tue Sep 16 00:38:50 UTC 2025","","io.novafoundation.nova.balances.BalancesIntegrationTest","io.novafoundation.nova.balances.BalancesIntegrationTest","testBalancesLoading[Edgeware]"
"","2852","testBalancesLoading[Amplitude]","","Tue Sep 16 00:43:53 UTC 2025","passed","Tue Sep 16 00:43:56 UTC 2025","","io.novafoundation.nova.balances.BalancesIntegrationTest","io.novafoundation.nova.balances.BalancesIntegrationTest","testBalancesLoading[Amplitude]"
"","1524","testBalancesLoading[Frequency]","","Tue Sep 16 00:44:33 UTC 2025","passed","Tue Sep 16 00:44:34 UTC 2025","","io.novafoundation.nova.balances.BalancesIntegrationTest","io.novafoundation.nova.balances.BalancesIntegrationTest","testBalancesLoading[Frequency]"
"","88630","testBalancesLoading[Argochain]","","Tue Sep 16 00:46:34 UTC 2025","broken","Tue Sep 16 00:48:02 UTC 2025","","io.novafoundation.nova.balances.BalancesIntegrationTest","io.novafoundation.nova.balances.BalancesIntegrationTest","testBalancesLoading[Argochain]"
"","2291","testBalancesLoading[peaq]","","Tue Sep 16 00:46:04 UTC 2025","passed","Tue Sep 16 00:46:06 UTC 2025","","io.novafoundation.nova.balances.BalancesIntegrationTest","io.novafoundation.nova.balances.BalancesIntegrationTest","testBalancesLoading[peaq]"
"","3523","testBalancesLoading[Phala]","","Tue Sep 16 00:43:02 UTC 2025","passed","Tue Sep 16 00:43:05 UTC 2025","","io.novafoundation.nova.balances.BalancesIntegrationTest","io.novafoundation.nova.balances.BalancesIntegrationTest","testBalancesLoading[Phala]"
"","2694","testBalancesLoading[Polkadot Bridge Hub]","","Tue Sep 16 00:44:57 UTC 2025","passed","Tue Sep 16 00:45:00 UTC 2025","","io.novafoundation.nova.balances.BalancesIntegrationTest","io.novafoundation.nova.balances.BalancesIntegrationTest","testBalancesLoading[Polkadot Bridge Hub]"
"","948","testFeeLoading[UNIQUE]","","Tue Sep 16 00:43:34 UTC 2025","passed","Tue Sep 16 00:43:35 UTC 2025","","io.novafoundation.nova.balances.BalancesIntegrationTest","io.novafoundation.nova.balances.BalancesIntegrationTest","testFeeLoading[UNIQUE]"
"","3330","testBalancesLoading[XX network]","","Tue Sep 16 00:44:09 UTC 2025","passed","Tue Sep 16 00:44:12 UTC 2025","","io.novafoundation.nova.balances.BalancesIntegrationTest","io.novafoundation.nova.balances.BalancesIntegrationTest","testBalancesLoading[XX network]"
"","3234","testBalancesLoading[Aventus]","","Tue Sep 16 00:44:16 UTC 2025","passed","Tue Sep 16 00:44:20 UTC 2025","","io.novafoundation.nova.balances.BalancesIntegrationTest","io.novafoundation.nova.balances.BalancesIntegrationTest","testBalancesLoading[Aventus]"
"","2308","testBalancesLoading[Tanssi]","","Tue Sep 16 00:49:29 UTC 2025","passed","Tue Sep 16 00:49:31 UTC 2025","","io.novafoundation.nova.balances.BalancesIntegrationTest","io.novafoundation.nova.balances.BalancesIntegrationTest","testBalancesLoading[Tanssi]"
"","987","testFeeLoading[Acurast Canary]","","Tue Sep 16 00:45:25 UTC 2025","passed","Tue Sep 16 00:45:26 UTC 2025","","io.novafoundation.nova.balances.BalancesIntegrationTest","io.novafoundation.nova.balances.BalancesIntegrationTest","testFeeLoading[Acurast Canary]"
"","3571","testBalancesLoading[Crust Shadow]","","Tue Sep 16 00:42:46 UTC 2025","passed","Tue Sep 16 00:42:50 UTC 2025","","io.novafoundation.nova.balances.BalancesIntegrationTest","io.novafoundation.nova.balances.BalancesIntegrationTest","testBalancesLoading[Crust Shadow]"
"","3090","testBalancesLoading[Litentry]","","Tue Sep 16 00:43:29 UTC 2025","passed","Tue Sep 16 00:43:32 UTC 2025","","io.novafoundation.nova.balances.BalancesIntegrationTest","io.novafoundation.nova.balances.BalancesIntegrationTest","testBalancesLoading[Litentry]"
"","1777","testBalancesLoading[Polkadot Collectives]","","Tue Sep 16 00:44:41 UTC 2025","passed","Tue Sep 16 00:44:43 UTC 2025","","io.novafoundation.nova.balances.BalancesIntegrationTest","io.novafoundation.nova.balances.BalancesIntegrationTest","testBalancesLoading[Polkadot Collectives]"
"","984","testFeeLoading[Centrifuge Parachain]","","Tue Sep 16 00:42:32 UTC 2025","passed","Tue Sep 16 00:42:33 UTC 2025","","io.novafoundation.nova.balances.BalancesIntegrationTest","io.novafoundation.nova.balances.BalancesIntegrationTest","testFeeLoading[Centrifuge Parachain]"
"","3206","testBalancesLoading[JAMTON]","","Tue Sep 16 00:46:07 UTC 2025","passed","Tue Sep 16 00:46:10 UTC 2025","","io.novafoundation.nova.balances.BalancesIntegrationTest","io.novafoundation.nova.balances.BalancesIntegrationTest","testBalancesLoading[JAMTON]"
"","339","testFeeLoading[Hyperbridge Nexus]","","Tue Sep 16 00:45:32 UTC 2025","passed","Tue Sep 16 00:45:33 UTC 2025","","io.novafoundation.nova.balances.BalancesIntegrationTest","io.novafoundation.nova.balances.BalancesIntegrationTest","testFeeLoading[Hyperbridge Nexus]"
"","1124","testBalancesLoading[GIANT]","","Tue Sep 16 00:44:37 UTC 2025","passed","Tue Sep 16 00:44:38 UTC 2025","","io.novafoundation.nova.balances.BalancesIntegrationTest","io.novafoundation.nova.balances.BalancesIntegrationTest","testBalancesLoading[GIANT]"
"","927","testFeeLoading[Westmint]","","Tue Sep 16 00:42:38 UTC 2025","passed","Tue Sep 16 00:42:39 UTC 2025","","io.novafoundation.nova.balances.BalancesIntegrationTest","io.novafoundation.nova.balances.BalancesIntegrationTest","testFeeLoading[Westmint]"
"","3696","testBalancesLoading[Statemint]","","Tue Sep 16 00:43:48 UTC 2025","passed","Tue Sep 16 00:43:52 UTC 2025","","io.novafoundation.nova.balances.BalancesIntegrationTest","io.novafoundation.nova.balances.BalancesIntegrationTest","testBalancesLoading[Statemint]"
"","943","testFeeLoading[Moonbase Alpha]","","Tue Sep 16 00:42:43 UTC 2025","passed","Tue Sep 16 00:42:44 UTC 2025","","io.novafoundation.nova.balances.BalancesIntegrationTest","io.novafoundation.nova.balances.BalancesIntegrationTest","testFeeLoading[Moonbase Alpha]"
"","86619","testFeeLoading[Argochain]","","Tue Sep 16 00:48:02 UTC 2025","broken","Tue Sep 16 00:49:29 UTC 2025","","io.novafoundation.nova.balances.BalancesIntegrationTest","io.novafoundation.nova.balances.BalancesIntegrationTest","testFeeLoading[Argochain]"
"","4672","testBalancesLoading[Basilisk]","","Tue Sep 16 00:39:12 UTC 2025","passed","Tue Sep 16 00:39:16 UTC 2025","","io.novafoundation.nova.balances.BalancesIntegrationTest","io.novafoundation.nova.balances.BalancesIntegrationTest","testBalancesLoading[Basilisk]"
"","2121","testBalancesLoading[Xode]","","Tue Sep 16 00:49:32 UTC 2025","passed","Tue Sep 16 00:49:34 UTC 2025","","io.novafoundation.nova.balances.BalancesIntegrationTest","io.novafoundation.nova.balances.BalancesIntegrationTest","testBalancesLoading[Xode]"
"","1117","testFeeLoading[Robonomics]","","Tue Sep 16 00:42:27 UTC 2025","passed","Tue Sep 16 00:42:28 UTC 2025","","io.novafoundation.nova.balances.BalancesIntegrationTest","io.novafoundation.nova.balances.BalancesIntegrationTest","testFeeLoading[Robonomics]"
"","872","testFeeLoading[DENTNet]","","Tue Sep 16 00:45:52 UTC 2025","passed","Tue Sep 16 00:45:53 UTC 2025","","io.novafoundation.nova.balances.BalancesIntegrationTest","io.novafoundation.nova.balances.BalancesIntegrationTest","testFeeLoading[DENTNet]"
"","2464","testBalancesLoading[Crust Polkadot Parachain]","","Tue Sep 16 00:44:21 UTC 2025","passed","Tue Sep 16 00:44:23 UTC 2025","","io.novafoundation.nova.balances.BalancesIntegrationTest","io.novafoundation.nova.balances.BalancesIntegrationTest","testBalancesLoading[Crust Polkadot Parachain]"
"","275","testFeeLoading[Zeitgeist]","","Tue Sep 16 00:46:30 UTC 2025","passed","Tue Sep 16 00:46:30 UTC 2025","","io.novafoundation.nova.balances.BalancesIntegrationTest","io.novafoundation.nova.balances.BalancesIntegrationTest","testFeeLoading[Zeitgeist]"
"","3345","testBalancesLoading[Polimec]","","Tue Sep 16 00:45:06 UTC 2025","passed","Tue Sep 16 00:45:09 UTC 2025","","io.novafoundation.nova.balances.BalancesIntegrationTest","io.novafoundation.nova.balances.BalancesIntegrationTest","testBalancesLoading[Polimec]"
"","2773","testBalancesLoading[Kusama Coretime]","","Tue Sep 16 00:46:25 UTC 2025","passed","Tue Sep 16 00:46:28 UTC 2025","","io.novafoundation.nova.balances.BalancesIntegrationTest","io.novafoundation.nova.balances.BalancesIntegrationTest","testBalancesLoading[Kusama Coretime]"
"","535","testFeeLoading[Altair]","","Tue Sep 16 00:43:25 UTC 2025","passed","Tue Sep 16 00:43:26 UTC 2025","","io.novafoundation.nova.balances.BalancesIntegrationTest","io.novafoundation.nova.balances.BalancesIntegrationTest","testFeeLoading[Altair]"
"","266","testBalancesLoading[UNIQUE]","","Tue Sep 16 00:43:33 UTC 2025","passed","Tue Sep 16 00:43:34 UTC 2025","","io.novafoundation.nova.balances.BalancesIntegrationTest","io.novafoundation.nova.balances.BalancesIntegrationTest","testBalancesLoading[UNIQUE]"
"","588","testFeeLoading[Tanssi]","","Tue Sep 16 00:49:31 UTC 2025","passed","Tue Sep 16 00:49:32 UTC 2025","","io.novafoundation.nova.balances.BalancesIntegrationTest","io.novafoundation.nova.balances.BalancesIntegrationTest","testFeeLoading[Tanssi]"
"","402","testFeeLoading[Amplitude]","","Tue Sep 16 00:43:56 UTC 2025","passed","Tue Sep 16 00:43:57 UTC 2025","","io.novafoundation.nova.balances.BalancesIntegrationTest","io.novafoundation.nova.balances.BalancesIntegrationTest","testFeeLoading[Amplitude]"
"","682","testFeeLoading[Polkadot Bridge Hub]","","Tue Sep 16 00:45:00 UTC 2025","passed","Tue Sep 16 00:45:01 UTC 2025","","io.novafoundation.nova.balances.BalancesIntegrationTest","io.novafoundation.nova.balances.BalancesIntegrationTest","testFeeLoading[Polkadot Bridge Hub]"
"","411","testFeeLoading[Pendulum]","","Tue Sep 16 00:44:16 UTC 2025","passed","Tue Sep 16 00:44:16 UTC 2025","","io.novafoundation.nova.balances.BalancesIntegrationTest","io.novafoundation.nova.balances.BalancesIntegrationTest","testFeeLoading[Pendulum]"
"","1960","testBalancesLoading[Vara]","","Tue Sep 16 00:44:35 UTC 2025","passed","Tue Sep 16 00:44:37 UTC 2025","","io.novafoundation.nova.balances.BalancesIntegrationTest","io.novafoundation.nova.balances.BalancesIntegrationTest","testBalancesLoading[Vara]"
"","3675","testBalancesLoading[Integritee Parachain]","","Tue Sep 16 00:43:06 UTC 2025","passed","Tue Sep 16 00:43:10 UTC 2025","","io.novafoundation.nova.balances.BalancesIntegrationTest","io.novafoundation.nova.balances.BalancesIntegrationTest","testBalancesLoading[Integritee Parachain]"
"","2382","testBalancesLoading[Pendulum]","","Tue Sep 16 00:44:13 UTC 2025","passed","Tue Sep 16 00:44:16 UTC 2025","","io.novafoundation.nova.balances.BalancesIntegrationTest","io.novafoundation.nova.balances.BalancesIntegrationTest","testBalancesLoading[Pendulum]"
"","9701","testBalancesLoading[Polkadex Solochain]","","Tue Sep 16 00:43:12 UTC 2025","passed","Tue Sep 16 00:43:21 UTC 2025","","io.novafoundation.nova.balances.BalancesIntegrationTest","io.novafoundation.nova.balances.BalancesIntegrationTest","testBalancesLoading[Polkadex Solochain]"
"","3158","testBalancesLoading[Ajuna]","","Tue Sep 16 00:44:28 UTC 2025","passed","Tue Sep 16 00:44:31 UTC 2025","","io.novafoundation.nova.balances.BalancesIntegrationTest","io.novafoundation.nova.balances.BalancesIntegrationTest","testBalancesLoading[Ajuna]"
"","1807","testBalancesLoading[Creditcoin]","","Tue Sep 16 00:45:58 UTC 2025","passed","Tue Sep 16 00:46:00 UTC 2025","","io.novafoundation.nova.balances.BalancesIntegrationTest","io.novafoundation.nova.balances.BalancesIntegrationTest","testBalancesLoading[Creditcoin]"
"","2766","testBalancesLoading[krest]","","Tue Sep 16 00:44:44 UTC 2025","passed","Tue Sep 16 00:44:47 UTC 2025","","io.novafoundation.nova.balances.BalancesIntegrationTest","io.novafoundation.nova.balances.BalancesIntegrationTest","testBalancesLoading[krest]"
"","789","testFeeLoading[Kusama Coretime]","","Tue Sep 16 00:46:28 UTC 2025","passed","Tue Sep 16 00:46:28 UTC 2025","","io.novafoundation.nova.balances.BalancesIntegrationTest","io.novafoundation.nova.balances.BalancesIntegrationTest","testFeeLoading[Kusama Coretime]"
"","2519","testBalancesLoading[Polymesh Mainnet]","","Tue Sep 16 00:44:02 UTC 2025","passed","Tue Sep 16 00:44:05 UTC 2025","","io.novafoundation.nova.balances.BalancesIntegrationTest","io.novafoundation.nova.balances.BalancesIntegrationTest","testBalancesLoading[Polymesh Mainnet]"
"","2252","testBalancesLoading[Humanode]","","Tue Sep 16 00:46:01 UTC 2025","passed","Tue Sep 16 00:46:03 UTC 2025","","io.novafoundation.nova.balances.BalancesIntegrationTest","io.novafoundation.nova.balances.BalancesIntegrationTest","testBalancesLoading[Humanode]"
"","1089","testFeeLoading[Bittensor]","","Tue Sep 16 00:45:44 UTC 2025","passed","Tue Sep 16 00:45:45 UTC 2025","","io.novafoundation.nova.balances.BalancesIntegrationTest","io.novafoundation.nova.balances.BalancesIntegrationTest","testFeeLoading[Bittensor]"
"","360","testFeeLoading[Encointer]","","Tue Sep 16 00:42:46 UTC 2025","passed","Tue Sep 16 00:42:46 UTC 2025","","io.novafoundation.nova.balances.BalancesIntegrationTest","io.novafoundation.nova.balances.BalancesIntegrationTest","testFeeLoading[Encointer]"
"","969","testFeeLoading[OriginTrail Parachain]","","Tue Sep 16 00:43:38 UTC 2025","passed","Tue Sep 16 00:43:39 UTC 2025","","io.novafoundation.nova.balances.BalancesIntegrationTest","io.novafoundation.nova.balances.BalancesIntegrationTest","testFeeLoading[OriginTrail Parachain]"
"","389","testFeeLoading[Vara]","","Tue Sep 16 00:44:37 UTC 2025","passed","Tue Sep 16 00:44:37 UTC 2025","","io.novafoundation.nova.balances.BalancesIntegrationTest","io.novafoundation.nova.balances.BalancesIntegrationTest","testFeeLoading[Vara]"
"","2905","testBalancesLoading[Enjin Matrixchain]","","Tue Sep 16 00:44:53 UTC 2025","passed","Tue Sep 16 00:44:56 UTC 2025","","io.novafoundation.nova.balances.BalancesIntegrationTest","io.novafoundation.nova.balances.BalancesIntegrationTest","testBalancesLoading[Enjin Matrixchain]"
"","1061","testFeeLoading[Tangle]","","Tue Sep 16 00:46:22 UTC 2025","passed","Tue Sep 16 00:46:23 UTC 2025","","io.novafoundation.nova.balances.BalancesIntegrationTest","io.novafoundation.nova.balances.BalancesIntegrationTest","testFeeLoading[Tangle]"
"","1690","testBalancesLoading[Zeitgeist]","","Tue Sep 16 00:46:28 UTC 2025","passed","Tue Sep 16 00:46:30 UTC 2025","","io.novafoundation.nova.balances.BalancesIntegrationTest","io.novafoundation.nova.balances.BalancesIntegrationTest","testBalancesLoading[Zeitgeist]"
"","1369","testFeeLoading[Karura]","","Tue Sep 16 00:38:20 UTC 2025","passed","Tue Sep 16 00:38:21 UTC 2025","","io.novafoundation.nova.balances.BalancesIntegrationTest","io.novafoundation.nova.balances.BalancesIntegrationTest","testFeeLoading[Karura]"
"","3281","testBalancesLoading[Kreivo]","","Tue Sep 16 00:45:26 UTC 2025","passed","Tue Sep 16 00:45:29 UTC 2025","","io.novafoundation.nova.balances.BalancesIntegrationTest","io.novafoundation.nova.balances.BalancesIntegrationTest","testBalancesLoading[Kreivo]"
"","5281","testBalancesLoading[Moonriver]","","Tue Sep 16 00:38:29 UTC 2025","passed","Tue Sep 16 00:38:35 UTC 2025","","io.novafoundation.nova.balances.BalancesIntegrationTest","io.novafoundation.nova.balances.BalancesIntegrationTest","testBalancesLoading[Moonriver]"
"","1107","testFeeLoading[Phala]","","Tue Sep 16 00:43:05 UTC 2025","passed","Tue Sep 16 00:43:06 UTC 2025","","io.novafoundation.nova.balances.BalancesIntegrationTest","io.novafoundation.nova.balances.BalancesIntegrationTest","testFeeLoading[Phala]"
"","1491","testFeeLoading[Bifrost]","","Tue Sep 16 00:38:43 UTC 2025","passed","Tue Sep 16 00:38:45 UTC 2025","","io.novafoundation.nova.balances.BalancesIntegrationTest","io.novafoundation.nova.balances.BalancesIntegrationTest","testFeeLoading[Bifrost]"
"","566","testFeeLoading[Enjin Matrixchain]","","Tue Sep 16 00:44:56 UTC 2025","passed","Tue Sep 16 00:44:57 UTC 2025","","io.novafoundation.nova.balances.BalancesIntegrationTest","io.novafoundation.nova.balances.BalancesIntegrationTest","testFeeLoading[Enjin Matrixchain]"
"","3799","testBalancesLoading[Bittensor]","","Tue Sep 16 00:45:40 UTC 2025","passed","Tue Sep 16 00:45:44 UTC 2025","","io.novafoundation.nova.balances.BalancesIntegrationTest","io.novafoundation.nova.balances.BalancesIntegrationTest","testBalancesLoading[Bittensor]"
"","7693","testBalancesLoading[Bifrost]","","Tue Sep 16 00:38:35 UTC 2025","passed","Tue Sep 16 00:38:43 UTC 2025","","io.novafoundation.nova.balances.BalancesIntegrationTest","io.novafoundation.nova.balances.BalancesIntegrationTest","testBalancesLoading[Bifrost]"
"","2571","testBalancesLoading[Altair]","","Tue Sep 16 00:43:23 UTC 2025","passed","Tue Sep 16 00:43:25 UTC 2025","","io.novafoundation.nova.balances.BalancesIntegrationTest","io.novafoundation.nova.balances.BalancesIntegrationTest","testBalancesLoading[Altair]"
"","1930","testFeeLoading[Polkadot]","","Tue Sep 16 00:37:50 UTC 2025","passed","Tue Sep 16 00:37:52 UTC 2025","","io.novafoundation.nova.balances.BalancesIntegrationTest","io.novafoundation.nova.balances.BalancesIntegrationTest","testFeeLoading[Polkadot]"
"","881","testFeeLoading[Cere]","","Tue Sep 16 00:45:40 UTC 2025","passed","Tue Sep 16 00:45:40 UTC 2025","","io.novafoundation.nova.balances.BalancesIntegrationTest","io.novafoundation.nova.balances.BalancesIntegrationTest","testFeeLoading[Cere]"
"","3465","testBalancesLoading[DeepBrain]","","Tue Sep 16 00:46:11 UTC 2025","passed","Tue Sep 16 00:46:15 UTC 2025","","io.novafoundation.nova.balances.BalancesIntegrationTest","io.novafoundation.nova.balances.BalancesIntegrationTest","testBalancesLoading[DeepBrain]"
"","1506","testFeeLoading[Westend]","","Tue Sep 16 00:38:03 UTC 2025","passed","Tue Sep 16 00:38:05 UTC 2025","","io.novafoundation.nova.balances.BalancesIntegrationTest","io.novafoundation.nova.balances.BalancesIntegrationTest","testFeeLoading[Westend]"
"","1090","testFeeLoading[Avail]","","Tue Sep 16 00:45:48 UTC 2025","passed","Tue Sep 16 00:45:49 UTC 2025","","io.novafoundation.nova.balances.BalancesIntegrationTest","io.novafoundation.nova.balances.BalancesIntegrationTest","testFeeLoading[Avail]"
"","69634","testBalancesLoading[Shiden]","","Tue Sep 16 00:36:35 UTC 2025","passed","Tue Sep 16 00:37:45 UTC 2025","","io.novafoundation.nova.balances.BalancesIntegrationTest","io.novafoundation.nova.balances.BalancesIntegrationTest","testBalancesLoading[Shiden]"
"","792","testFeeLoading[Xode]","","Tue Sep 16 00:49:34 UTC 2025","broken","Tue Sep 16 00:49:35 UTC 2025","","io.novafoundation.nova.balances.BalancesIntegrationTest","io.novafoundation.nova.balances.BalancesIntegrationTest","testFeeLoading[Xode]"
"","1356","testFeeLoading[Statemint]","","Tue Sep 16 00:43:52 UTC 2025","passed","Tue Sep 16 00:43:53 UTC 2025","","io.novafoundation.nova.balances.BalancesIntegrationTest","io.novafoundation.nova.balances.BalancesIntegrationTest","testFeeLoading[Statemint]"
"","5915","testBalancesLoading[Astar]","","Tue Sep 16 00:39:05 UTC 2025","passed","Tue Sep 16 00:39:10 UTC 2025","","io.novafoundation.nova.balances.BalancesIntegrationTest","io.novafoundation.nova.balances.BalancesIntegrationTest","testBalancesLoading[Astar]"
"","4741","testBalancesLoading[Statemine]","","Tue Sep 16 00:38:05 UTC 2025","passed","Tue Sep 16 00:38:09 UTC 2025","","io.novafoundation.nova.balances.BalancesIntegrationTest","io.novafoundation.nova.balances.BalancesIntegrationTest","testBalancesLoading[Statemine]"
"","3025","testBalancesLoading[Curio]","","Tue Sep 16 00:45:17 UTC 2025","passed","Tue Sep 16 00:45:20 UTC 2025","","io.novafoundation.nova.balances.BalancesIntegrationTest","io.novafoundation.nova.balances.BalancesIntegrationTest","testBalancesLoading[Curio]"
"","2877","testFeeLoading[krest]","","Tue Sep 16 00:44:47 UTC 2025","passed","Tue Sep 16 00:44:49 UTC 2025","","io.novafoundation.nova.balances.BalancesIntegrationTest","io.novafoundation.nova.balances.BalancesIntegrationTest","testFeeLoading[krest]"
"","485","testFeeLoading[GIANT]","","Tue Sep 16 00:44:38 UTC 2025","passed","Tue Sep 16 00:44:39 UTC 2025","","io.novafoundation.nova.balances.BalancesIntegrationTest","io.novafoundation.nova.balances.BalancesIntegrationTest","testFeeLoading[GIANT]"
"","1762","testFeeLoading[Edgeware]","","Tue Sep 16 00:38:50 UTC 2025","passed","Tue Sep 16 00:38:52 UTC 2025","","io.novafoundation.nova.balances.BalancesIntegrationTest","io.novafoundation.nova.balances.BalancesIntegrationTest","testFeeLoading[Edgeware]"
"","1473","testFeeLoading[DeepBrain]","","Tue Sep 16 00:46:15 UTC 2025","passed","Tue Sep 16 00:46:16 UTC 2025","","io.novafoundation.nova.balances.BalancesIntegrationTest","io.novafoundation.nova.balances.BalancesIntegrationTest","testFeeLoading[DeepBrain]"
"","1163","testFeeLoading[Moonbase Relay Testnet]","","Tue Sep 16 00:43:47 UTC 2025","passed","Tue Sep 16 00:43:48 UTC 2025","","io.novafoundation.nova.balances.BalancesIntegrationTest","io.novafoundation.nova.balances.BalancesIntegrationTest","testFeeLoading[Moonbase Relay Testnet]"
"","3409","testBalancesLoading[Centrifuge Parachain]","","Tue Sep 16 00:42:28 UTC 2025","passed","Tue Sep 16 00:42:32 UTC 2025","","io.novafoundation.nova.balances.BalancesIntegrationTest","io.novafoundation.nova.balances.BalancesIntegrationTest","testBalancesLoading[Centrifuge Parachain]"
"","1236","testFeeLoading[Astar]","","Tue Sep 16 00:39:11 UTC 2025","passed","Tue Sep 16 00:39:12 UTC 2025","","io.novafoundation.nova.balances.BalancesIntegrationTest","io.novafoundation.nova.balances.BalancesIntegrationTest","testFeeLoading[Astar]"
"","2426","testBalancesLoading[Polkadot People]","","Tue Sep 16 00:45:53 UTC 2025","passed","Tue Sep 16 00:45:56 UTC 2025","","io.novafoundation.nova.balances.BalancesIntegrationTest","io.novafoundation.nova.balances.BalancesIntegrationTest","testBalancesLoading[Polkadot People]"
"","1024","testFeeLoading[Manta]","","Tue Sep 16 00:44:52 UTC 2025","passed","Tue Sep 16 00:44:53 UTC 2025","","io.novafoundation.nova.balances.BalancesIntegrationTest","io.novafoundation.nova.balances.BalancesIntegrationTest","testFeeLoading[Manta]"
"","3862","testBalancesLoading[Moonbase Relay Testnet]","","Tue Sep 16 00:43:43 UTC 2025","passed","Tue Sep 16 00:43:47 UTC 2025","","io.novafoundation.nova.balances.BalancesIntegrationTest","io.novafoundation.nova.balances.BalancesIntegrationTest","testBalancesLoading[Moonbase Relay Testnet]"
"","1194","testFeeLoading[Acala]","","Tue Sep 16 00:39:03 UTC 2025","passed","Tue Sep 16 00:39:05 UTC 2025","","io.novafoundation.nova.balances.BalancesIntegrationTest","io.novafoundation.nova.balances.BalancesIntegrationTest","testFeeLoading[Acala]"
"","714","testFeeLoading[Statemine]","","Tue Sep 16 00:38:09 UTC 2025","passed","Tue Sep 16 00:38:10 UTC 2025","","io.novafoundation.nova.balances.BalancesIntegrationTest","io.novafoundation.nova.balances.BalancesIntegrationTest","testFeeLoading[Statemine]"
"","2045","testBalancesLoading[Hyperbridge Nexus]","","Tue Sep 16 00:45:30 UTC 2025","passed","Tue Sep 16 00:45:32 UTC 2025","","io.novafoundation.nova.balances.BalancesIntegrationTest","io.novafoundation.nova.balances.BalancesIntegrationTest","testBalancesLoading[Hyperbridge Nexus]"
"","3078","testBalancesLoading[Bifrost Polkadot]","","Tue Sep 16 00:43:26 UTC 2025","passed","Tue Sep 16 00:43:29 UTC 2025","","io.novafoundation.nova.balances.BalancesIntegrationTest","io.novafoundation.nova.balances.BalancesIntegrationTest","testBalancesLoading[Bifrost Polkadot]"
"","1208","testFeeLoading[Curio]","","Tue Sep 16 00:45:20 UTC 2025","passed","Tue Sep 16 00:45:22 UTC 2025","","io.novafoundation.nova.balances.BalancesIntegrationTest","io.novafoundation.nova.balances.BalancesIntegrationTest","testFeeLoading[Curio]"
"","4646","testBalancesLoading[Ternoa]","","Tue Sep 16 00:43:57 UTC 2025","passed","Tue Sep 16 00:44:01 UTC 2025","","io.novafoundation.nova.balances.BalancesIntegrationTest","io.novafoundation.nova.balances.BalancesIntegrationTest","testBalancesLoading[Ternoa]"
"","9482","testBalancesLoading[Karura]","","Tue Sep 16 00:38:10 UTC 2025","passed","Tue Sep 16 00:38:20 UTC 2025","","io.novafoundation.nova.balances.BalancesIntegrationTest","io.novafoundation.nova.balances.BalancesIntegrationTest","testBalancesLoading[Karura]"
"","3403","testBalancesLoading[Nodle Parachain]","","Tue Sep 16 00:42:57 UTC 2025","passed","Tue Sep 16 00:43:01 UTC 2025","","io.novafoundation.nova.balances.BalancesIntegrationTest","io.novafoundation.nova.balances.BalancesIntegrationTest","testBalancesLoading[Nodle Parachain]"
"","929","testFeeLoading[Moonbeam]","","Tue Sep 16 00:38:28 UTC 2025","passed","Tue Sep 16 00:38:29 UTC 2025","","io.novafoundation.nova.balances.BalancesIntegrationTest","io.novafoundation.nova.balances.BalancesIntegrationTest","testFeeLoading[Moonbeam]"
"","2855","testBalancesLoading[Cere]","","Tue Sep 16 00:45:37 UTC 2025","passed","Tue Sep 16 00:45:40 UTC 2025","","io.novafoundation.nova.balances.BalancesIntegrationTest","io.novafoundation.nova.balances.BalancesIntegrationTest","testBalancesLoading[Cere]"
"","920","testFeeLoading[DAO IPCI]","","Tue Sep 16 00:44:08 UTC 2025","passed","Tue Sep 16 00:44:09 UTC 2025","","io.novafoundation.nova.balances.BalancesIntegrationTest","io.novafoundation.nova.balances.BalancesIntegrationTest","testFeeLoading[DAO IPCI]"
"","1217","testFeeLoading[Kreivo]","","Tue Sep 16 00:45:29 UTC 2025","passed","Tue Sep 16 00:45:30 UTC 2025","","io.novafoundation.nova.balances.BalancesIntegrationTest","io.novafoundation.nova.balances.BalancesIntegrationTest","testFeeLoading[Kreivo]"
"","764","testFeeLoading[peaq]","","Tue Sep 16 00:46:06 UTC 2025","passed","Tue Sep 16 00:46:07 UTC 2025","","io.novafoundation.nova.balances.BalancesIntegrationTest","io.novafoundation.nova.balances.BalancesIntegrationTest","testFeeLoading[peaq]"
"","1071","testFeeLoading[3DPass]","","Tue Sep 16 00:44:27 UTC 2025","passed","Tue Sep 16 00:44:28 UTC 2025","","io.novafoundation.nova.balances.BalancesIntegrationTest","io.novafoundation.nova.balances.BalancesIntegrationTest","testFeeLoading[3DPass]"
"","669","testFeeLoading[Crust Polkadot Parachain]","","Tue Sep 16 00:44:23 UTC 2025","passed","Tue Sep 16 00:44:24 UTC 2025","","io.novafoundation.nova.balances.BalancesIntegrationTest","io.novafoundation.nova.balances.BalancesIntegrationTest","testFeeLoading[Crust Polkadot Parachain]"
"","1181","testFeeLoading[Basilisk]","","Tue Sep 16 00:39:16 UTC 2025","passed","Tue Sep 16 00:39:18 UTC 2025","","io.novafoundation.nova.balances.BalancesIntegrationTest","io.novafoundation.nova.balances.BalancesIntegrationTest","testFeeLoading[Basilisk]"
"","2090","testBalancesLoading[Kusama Bridge Hub]","","Tue Sep 16 00:44:39 UTC 2025","passed","Tue Sep 16 00:44:41 UTC 2025","","io.novafoundation.nova.balances.BalancesIntegrationTest","io.novafoundation.nova.balances.BalancesIntegrationTest","testBalancesLoading[Kusama Bridge Hub]"
"","767","testFeeLoading[Moonriver]","","Tue Sep 16 00:38:35 UTC 2025","passed","Tue Sep 16 00:38:35 UTC 2025","","io.novafoundation.nova.balances.BalancesIntegrationTest","io.novafoundation.nova.balances.BalancesIntegrationTest","testFeeLoading[Moonriver]"
"","2826","testBalancesLoading[Kusama People]","","Tue Sep 16 00:45:33 UTC 2025","passed","Tue Sep 16 00:45:36 UTC 2025","","io.novafoundation.nova.balances.BalancesIntegrationTest","io.novafoundation.nova.balances.BalancesIntegrationTest","testBalancesLoading[Kusama People]"
"","4344","testBalancesLoading[KILT Spiritnet]","","Tue Sep 16 00:38:52 UTC 2025","passed","Tue Sep 16 00:38:56 UTC 2025","","io.novafoundation.nova.balances.BalancesIntegrationTest","io.novafoundation.nova.balances.BalancesIntegrationTest","testBalancesLoading[KILT Spiritnet]"
"","371","testFeeLoading[CC Enterprise]","","Tue Sep 16 00:45:58 UTC 2025","passed","Tue Sep 16 00:45:58 UTC 2025","","io.novafoundation.nova.balances.BalancesIntegrationTest","io.novafoundation.nova.balances.BalancesIntegrationTest","testFeeLoading[CC Enterprise]"
"","9196","testBalancesLoading[Westend]","","Tue Sep 16 00:37:54 UTC 2025","passed","Tue Sep 16 00:38:03 UTC 2025","","io.novafoundation.nova.balances.BalancesIntegrationTest","io.novafoundation.nova.balances.BalancesIntegrationTest","testBalancesLoading[Westend]"
"","1199","testFeeLoading[Aventus]","","Tue Sep 16 00:44:20 UTC 2025","passed","Tue Sep 16 00:44:21 UTC 2025","","io.novafoundation.nova.balances.BalancesIntegrationTest","io.novafoundation.nova.balances.BalancesIntegrationTest","testFeeLoading[Aventus]"
"","4081","testBalancesLoading[Moonbase Alpha]","","Tue Sep 16 00:42:39 UTC 2025","passed","Tue Sep 16 00:42:43 UTC 2025","","io.novafoundation.nova.balances.BalancesIntegrationTest","io.novafoundation.nova.balances.BalancesIntegrationTest","testBalancesLoading[Moonbase Alpha]"
"","1148","testFeeLoading[JAMTON]","","Tue Sep 16 00:46:10 UTC 2025","passed","Tue Sep 16 00:46:11 UTC 2025","","io.novafoundation.nova.balances.BalancesIntegrationTest","io.novafoundation.nova.balances.BalancesIntegrationTest","testFeeLoading[JAMTON]"
"","1021","testFeeLoading[Kusama People]","","Tue Sep 16 00:45:36 UTC 2025","passed","Tue Sep 16 00:45:37 UTC 2025","","io.novafoundation.nova.balances.BalancesIntegrationTest","io.novafoundation.nova.balances.BalancesIntegrationTest","testFeeLoading[Kusama People]"
"","1176","testFeeLoading[Joystream]","","Tue Sep 16 00:45:04 UTC 2025","passed","Tue Sep 16 00:45:06 UTC 2025","","io.novafoundation.nova.balances.BalancesIntegrationTest","io.novafoundation.nova.balances.BalancesIntegrationTest","testFeeLoading[Joystream]"
"","2653","testBalancesLoading[Enjin Relay]","","Tue Sep 16 00:45:14 UTC 2025","passed","Tue Sep 16 00:45:17 UTC 2025","","io.novafoundation.nova.balances.BalancesIntegrationTest","io.novafoundation.nova.balances.BalancesIntegrationTest","testBalancesLoading[Enjin Relay]"
"","810","testFeeLoading[Humanode]","","Tue Sep 16 00:46:03 UTC 2025","passed","Tue Sep 16 00:46:04 UTC 2025","","io.novafoundation.nova.balances.BalancesIntegrationTest","io.novafoundation.nova.balances.BalancesIntegrationTest","testFeeLoading[Humanode]"
"","383","testBalancesLoading[Polkadot]","","Tue Sep 16 00:37:49 UTC 2025","passed","Tue Sep 16 00:37:50 UTC 2025","","io.novafoundation.nova.balances.BalancesIntegrationTest","io.novafoundation.nova.balances.BalancesIntegrationTest","testBalancesLoading[Polkadot]"
"","4289","testBalancesLoading[HydraDX]","","Tue Sep 16 00:42:52 UTC 2025","passed","Tue Sep 16 00:42:56 UTC 2025","","io.novafoundation.nova.balances.BalancesIntegrationTest","io.novafoundation.nova.balances.BalancesIntegrationTest","testBalancesLoading[HydraDX]"
"","1258","testFeeLoading[Polkadex Solochain]","","Tue Sep 16 00:43:21 UTC 2025","passed","Tue Sep 16 00:43:23 UTC 2025","","io.novafoundation.nova.balances.BalancesIntegrationTest","io.novafoundation.nova.balances.BalancesIntegrationTest","testFeeLoading[Polkadex Solochain]"
"","416","testFeeLoading[Bifrost Polkadot]","","Tue Sep 16 00:43:29 UTC 2025","passed","Tue Sep 16 00:43:29 UTC 2025","","io.novafoundation.nova.balances.BalancesIntegrationTest","io.novafoundation.nova.balances.BalancesIntegrationTest","testFeeLoading[Bifrost Polkadot]"
"","3669","testBalancesLoading[Joystream]","","Tue Sep 16 00:45:01 UTC 2025","passed","Tue Sep 16 00:45:04 UTC 2025","","io.novafoundation.nova.balances.BalancesIntegrationTest","io.novafoundation.nova.balances.BalancesIntegrationTest","testBalancesLoading[Joystream]"
"","1333","testFeeLoading[Polimec]","","Tue Sep 16 00:45:09 UTC 2025","passed","Tue Sep 16 00:45:10 UTC 2025","","io.novafoundation.nova.balances.BalancesIntegrationTest","io.novafoundation.nova.balances.BalancesIntegrationTest","testFeeLoading[Polimec]"
"","2942","testBalancesLoading[Robonomics]","","Tue Sep 16 00:42:24 UTC 2025","passed","Tue Sep 16 00:42:27 UTC 2025","","io.novafoundation.nova.balances.BalancesIntegrationTest","io.novafoundation.nova.balances.BalancesIntegrationTest","testBalancesLoading[Robonomics]"
"","3327","testBalancesLoading[OriginTrail Parachain]","","Tue Sep 16 00:43:35 UTC 2025","passed","Tue Sep 16 00:43:38 UTC 2025","","io.novafoundation.nova.balances.BalancesIntegrationTest","io.novafoundation.nova.balances.BalancesIntegrationTest","testBalancesLoading[OriginTrail Parachain]"
"","177","testBalancesLoading[Aleph Zero]","","Tue Sep 16 00:43:11 UTC 2025","passed","Tue Sep 16 00:43:11 UTC 2025","","io.novafoundation.nova.balances.BalancesIntegrationTest","io.novafoundation.nova.balances.BalancesIntegrationTest","testBalancesLoading[Aleph Zero]"
"","2793","testBalancesLoading[Aleph Zero Testnet]","","Tue Sep 16 00:43:39 UTC 2025","passed","Tue Sep 16 00:43:42 UTC 2025","","io.novafoundation.nova.balances.BalancesIntegrationTest","io.novafoundation.nova.balances.BalancesIntegrationTest","testBalancesLoading[Aleph Zero Testnet]"
"","2769","testBalancesLoading[Energy Web X]","","Tue Sep 16 00:45:10 UTC 2025","passed","Tue Sep 16 00:45:13 UTC 2025","","io.novafoundation.nova.balances.BalancesIntegrationTest","io.novafoundation.nova.balances.BalancesIntegrationTest","testBalancesLoading[Energy Web X]"
"","1589","testFeeLoading[Kusama]","","Tue Sep 16 00:37:52 UTC 2025","passed","Tue Sep 16 00:37:54 UTC 2025","","io.novafoundation.nova.balances.BalancesIntegrationTest","io.novafoundation.nova.balances.BalancesIntegrationTest","testFeeLoading[Kusama]"
"","93168","testBalancesLoading[QUARTZ]","","Tue Sep 16 00:39:18 UTC 2025","broken","Tue Sep 16 00:40:51 UTC 2025","","io.novafoundation.nova.balances.BalancesIntegrationTest","io.novafoundation.nova.balances.BalancesIntegrationTest","testBalancesLoading[QUARTZ]"
"","7344","testBalancesLoading[Moonbeam]","","Tue Sep 16 00:38:21 UTC 2025","passed","Tue Sep 16 00:38:28 UTC 2025","","io.novafoundation.nova.balances.BalancesIntegrationTest","io.novafoundation.nova.balances.BalancesIntegrationTest","testBalancesLoading[Moonbeam]"
"","3214","testBalancesLoading[3DPass]","","Tue Sep 16 00:44:24 UTC 2025","passed","Tue Sep 16 00:44:27 UTC 2025","","io.novafoundation.nova.balances.BalancesIntegrationTest","io.novafoundation.nova.balances.BalancesIntegrationTest","testBalancesLoading[3DPass]"
"","722","testFeeLoading[Polymesh Mainnet]","","Tue Sep 16 00:44:05 UTC 2025","passed","Tue Sep 16 00:44:05 UTC 2025","","io.novafoundation.nova.balances.BalancesIntegrationTest","io.novafoundation.nova.balances.BalancesIntegrationTest","testFeeLoading[Polymesh Mainnet]"
"","5835","testBalancesLoading[Tangle]","","Tue Sep 16 00:46:16 UTC 2025","passed","Tue Sep 16 00:46:22 UTC 2025","","io.novafoundation.nova.balances.BalancesIntegrationTest","io.novafoundation.nova.balances.BalancesIntegrationTest","testBalancesLoading[Tangle]"
"","1295","testFeeLoading[XX network]","","Tue Sep 16 00:44:12 UTC 2025","passed","Tue Sep 16 00:44:13 UTC 2025","","io.novafoundation.nova.balances.BalancesIntegrationTest","io.novafoundation.nova.balances.BalancesIntegrationTest","testFeeLoading[XX network]"
"","1159","testFeeLoading[Ajuna]","","Tue Sep 16 00:44:31 UTC 2025","passed","Tue Sep 16 00:44:33 UTC 2025","","io.novafoundation.nova.balances.BalancesIntegrationTest","io.novafoundation.nova.balances.BalancesIntegrationTest","testFeeLoading[Ajuna]"
"","1143","testFeeLoading[Energy Web X]","","Tue Sep 16 00:45:13 UTC 2025","passed","Tue Sep 16 00:45:14 UTC 2025","","io.novafoundation.nova.balances.BalancesIntegrationTest","io.novafoundation.nova.balances.BalancesIntegrationTest","testFeeLoading[Energy Web X]"
"","1160","testFeeLoading[Polkadot People]","","Tue Sep 16 00:45:56 UTC 2025","passed","Tue Sep 16 00:45:57 UTC 2025","","io.novafoundation.nova.balances.BalancesIntegrationTest","io.novafoundation.nova.balances.BalancesIntegrationTest","testFeeLoading[Polkadot People]"
"","2610","testBalancesLoading[Avail]","","Tue Sep 16 00:45:45 UTC 2025","passed","Tue Sep 16 00:45:48 UTC 2025","","io.novafoundation.nova.balances.BalancesIntegrationTest","io.novafoundation.nova.balances.BalancesIntegrationTest","testBalancesLoading[Avail]"
"","332","testFeeLoading[Creditcoin]","","Tue Sep 16 00:46:00 UTC 2025","passed","Tue Sep 16 00:46:01 UTC 2025","","io.novafoundation.nova.balances.BalancesIntegrationTest","io.novafoundation.nova.balances.BalancesIntegrationTest","testFeeLoading[Creditcoin]"
"","5001","testBalancesLoading[Westmint]","","Tue Sep 16 00:42:33 UTC 2025","passed","Tue Sep 16 00:42:38 UTC 2025","","io.novafoundation.nova.balances.BalancesIntegrationTest","io.novafoundation.nova.balances.BalancesIntegrationTest","testBalancesLoading[Westmint]"
"","1798","testFeeLoading[Crust Shadow]","","Tue Sep 16 00:42:50 UTC 2025","passed","Tue Sep 16 00:42:52 UTC 2025","","io.novafoundation.nova.balances.BalancesIntegrationTest","io.novafoundation.nova.balances.BalancesIntegrationTest","testFeeLoading[Crust Shadow]"
"","2962","testBalancesLoading[Manta]","","Tue Sep 16 00:44:49 UTC 2025","passed","Tue Sep 16 00:44:52 UTC 2025","","io.novafoundation.nova.balances.BalancesIntegrationTest","io.novafoundation.nova.balances.BalancesIntegrationTest","testBalancesLoading[Manta]"
"","3106","testBalancesLoading[DENTNet]","","Tue Sep 16 00:45:49 UTC 2025","passed","Tue Sep 16 00:45:52 UTC 2025","","io.novafoundation.nova.balances.BalancesIntegrationTest","io.novafoundation.nova.balances.BalancesIntegrationTest","testBalancesLoading[DENTNet]"
"","345","testBalancesLoading[Kusama]","","Tue Sep 16 00:37:52 UTC 2025","passed","Tue Sep 16 00:37:52 UTC 2025","","io.novafoundation.nova.balances.BalancesIntegrationTest","io.novafoundation.nova.balances.BalancesIntegrationTest","testBalancesLoading[Kusama]"
"","1237","testBalancesLoading[CC Enterprise]","","Tue Sep 16 00:45:57 UTC 2025","passed","Tue Sep 16 00:45:58 UTC 2025","","io.novafoundation.nova.balances.BalancesIntegrationTest","io.novafoundation.nova.balances.BalancesIntegrationTest","testBalancesLoading[CC Enterprise]"
"","1089","testFeeLoading[Nodle Parachain]","","Tue Sep 16 00:43:01 UTC 2025","passed","Tue Sep 16 00:43:02 UTC 2025","","io.novafoundation.nova.balances.BalancesIntegrationTest","io.novafoundation.nova.balances.BalancesIntegrationTest","testFeeLoading[Nodle Parachain]"
"","4233","testFeeLoading[Shiden]","","Tue Sep 16 00:37:45 UTC 2025","passed","Tue Sep 16 00:37:49 UTC 2025","","io.novafoundation.nova.balances.BalancesIntegrationTest","io.novafoundation.nova.balances.BalancesIntegrationTest","testFeeLoading[Shiden]"
"","1200","testFeeLoading[HydraDX]","","Tue Sep 16 00:42:56 UTC 2025","passed","Tue Sep 16 00:42:57 UTC 2025","","io.novafoundation.nova.balances.BalancesIntegrationTest","io.novafoundation.nova.balances.BalancesIntegrationTest","testFeeLoading[HydraDX]"
"","3279","testBalancesLoading[Acurast Canary]","","Tue Sep 16 00:45:22 UTC 2025","passed","Tue Sep 16 00:45:25 UTC 2025","","io.novafoundation.nova.balances.BalancesIntegrationTest","io.novafoundation.nova.balances.BalancesIntegrationTest","testBalancesLoading[Acurast Canary]"
"","364","testFeeLoading[Polkadot Coretime]","","Tue Sep 16 00:46:24 UTC 2025","passed","Tue Sep 16 00:46:25 UTC 2025","","io.novafoundation.nova.balances.BalancesIntegrationTest","io.novafoundation.nova.balances.BalancesIntegrationTest","testFeeLoading[Polkadot Coretime]"
"","2167","testBalancesLoading[DAO IPCI]","","Tue Sep 16 00:44:05 UTC 2025","passed","Tue Sep 16 00:44:08 UTC 2025","","io.novafoundation.nova.balances.BalancesIntegrationTest","io.novafoundation.nova.balances.BalancesIntegrationTest","testBalancesLoading[DAO IPCI]"
"","942","testFeeLoading[KILT Spiritnet]","","Tue Sep 16 00:38:56 UTC 2025","passed","Tue Sep 16 00:38:57 UTC 2025","","io.novafoundation.nova.balances.BalancesIntegrationTest","io.novafoundation.nova.balances.BalancesIntegrationTest","testFeeLoading[KILT Spiritnet]"
"","492","testFeeLoading[Kusama Bridge Hub]","","Tue Sep 16 00:44:41 UTC 2025","passed","Tue Sep 16 00:44:41 UTC 2025","","io.novafoundation.nova.balances.BalancesIntegrationTest","io.novafoundation.nova.balances.BalancesIntegrationTest","testFeeLoading[Kusama Bridge Hub]"
"","1459","testBalancesLoading[Polkadot Coretime]","","Tue Sep 16 00:46:23 UTC 2025","passed","Tue Sep 16 00:46:24 UTC 2025","","io.novafoundation.nova.balances.BalancesIntegrationTest","io.novafoundation.nova.balances.BalancesIntegrationTest","testBalancesLoading[Polkadot Coretime]"
"","923","testFeeLoading[Litentry]","","Tue Sep 16 00:43:32 UTC 2025","passed","Tue Sep 16 00:43:33 UTC 2025","","io.novafoundation.nova.balances.BalancesIntegrationTest","io.novafoundation.nova.balances.BalancesIntegrationTest","testFeeLoading[Litentry]"
"","1851","testBalancesLoading[Encointer]","","Tue Sep 16 00:42:44 UTC 2025","passed","Tue Sep 16 00:42:46 UTC 2025","","io.novafoundation.nova.balances.BalancesIntegrationTest","io.novafoundation.nova.balances.BalancesIntegrationTest","testBalancesLoading[Encointer]"
"","384","testFeeLoading[Aleph Zero]","","Tue Sep 16 00:43:11 UTC 2025","passed","Tue Sep 16 00:43:12 UTC 2025","","io.novafoundation.nova.balances.BalancesIntegrationTest","io.novafoundation.nova.balances.BalancesIntegrationTest","testFeeLoading[Aleph Zero]"
